BIYV : 218130
GKAYCAA : 140800
nykxa : 296572.6406268914
biyv : 353001.0999694881
gkaycaa : 455954.03404248727
NYKXA : 438083
